"sub.id" "aHIP_rh" "pHIP_rh" "lAMY_rh" "mAMY_rh" "THA_DP_rh" "THA_VP_rh" "THA_VA_rh" "THA_DA_rh" "NAc_shell_rh" "NAc_core_rh" "pGP_rh" "aGP_rh" "aPUT_rh" "pPUT_rh" "aCAU_rh" "pCAU_rh" "aHIP_lh" "pHIP_lh" "lAMY_lh" "mAMY_lh" "THA_DP_lh" "THA_VP_lh" "THA_VA_lh" "THA_DA_lh" "NAc_shell_lh" "NAc_core_lh" "pGP_lh" "aGP_lh" "aPUT_lh" "pPUT_lh" "aCAU_lh" "pCAU_lh"
"1" "sub-01" -0.133474785824022 -0.033707428350855 0.0222419505585232 -0.0490150410124267 0.0798519262757766 -0.0642080745264894 0.0826368079583316 0.118893688446104 -0.0218501783584323 -0.00376765908763055 -0.0595905543202514 0.101069201585153 0.0347162474173217 0.0209705416872423 -0.0318703177475114 -0.0411050570460022 0.0155697103365234 -0.0164746531949391 -0.00570929567119433 0.0367694303742995 0.0604612347778097 0.181406961450597 0.0994034826870946 0.135843831059974 0.00215339443949768 -0.0612625631534694 0.0927185157938785 0.0616110810864269 0.118141260618788 0.162625722221325 0.00234149003094348 0.00273845802990071
"2" "sub-02" 0.0294188330782186 -0.0795538130976726 0.140136671747143 0.153803094079425 0.238320360515461 0.0151577298604649 0.0300940165163185 0.0766751845513319 0.145016116464369 0.0540750714129518 0.0335950736647558 0.0612675953646958 -0.0587850584064871 -0.0497711805353416 -0.00867963955198608 -0.0911592254228352 0.0534202843888748 -0.247833606246286 -0.175558137974424 -0.0148640080288858 0.129154486898089 -0.125897662341615 -0.00744932599115149 0.0612662994890024 0.023216126089558 -0.0123028681764205 -0.0560371124455338 0.0266774189400287 -0.150253172916035 -0.10654411840567 -0.073067019619942 -0.14395374285649
"3" "sub-03" -0.206788233905868 -0.0250455807374475 0.114515935542602 -0.0552532734082025 0.227297069483472 0.251731520397851 -0.00128370683396954 0.00487216140906505 0.0110450204947875 0.0267669870854464 -0.0702236168922526 -0.0530144645689532 0.131298422618238 -0.0337866165682821 0.097783900489687 0.0527436952985181 -0.124068737706757 -0.0374018033655809 0.0684001167805627 0.0299139570332012 0.19801080200103 0.0820261949875211 -0.0534081708485414 -0.0774416725406475 -0.0666256607675896 0.0371030047862828 0.0232866557156307 -0.004205041720063 0.10745088477579 -0.124749157224247 -0.0201099126009082 0.0361868041126491
"4" "sub-04" -0.12191718926187 -0.103656591287933 0.0593019743599665 0.0726460362420547 0.0971393428946847 0.0337177476488637 -0.300259633987734 -0.137331837887702 -0.342108857465955 -0.299279037269525 -0.174611975363703 -0.0754818557581218 -0.177660841758763 -0.0890696918007525 -0.236198348208544 -0.27049338207853 -0.124122205055983 -0.106798002352284 -0.00899194290975838 0.115568989332465 0.0805536354978186 0.153598689270876 -0.281143340669871 -0.18856419796861 -0.268497891107535 -0.271510117968227 -0.232558201173875 -0.129290529557635 -0.224508097206127 -0.0658950880943152 -0.247865886191804 -0.189139062423103
"5" "sub-05" 0.00879646423031349 -0.0357065651963141 0.065520027010797 0.138069217149127 0.132574136833892 -0.00606169250722706 0.0972271995588774 0.0166680691419942 0.0407972937074941 0.04910114319192 0.0562644380086622 0.0643087177789669 0.0988696877287617 0.00763449236295926 0.00861458576680059 0.0474573883016683 -0.0166115782556804 0.024093616280679 -0.12729886468254 -0.11733634324938 0.136735246642446 -0.0701155571744183 0.0978009320972723 0.0727866379200424 0.0999427113017619 0.079337723394807 0.018995394559992 0.0774210637558798 0.119722059548529 0.00570337829802449 0.0560829275497338 0.0818467816045099
"6" "sub-06" -0.220989443205493 -0.245309505547697 -0.0274709003234672 -0.10196734580352 0.0437854385670563 0.0261456201243973 -0.117324929087227 -0.0775671991185632 -0.25079080360557 -0.210969585508907 -0.11117330431854 -0.0479572068006473 -0.0854229870184253 -0.135119072283311 -0.228019256374779 -0.109569066533951 -0.236211709230427 -0.143381052508393 -0.0776440375879487 -0.0513364054928678 0.126040438629643 0.066500331493 -0.091649303222621 0.00908347885484655 -0.15905242616803 -0.134939769718728 -0.102584268253023 0.0126339026269201 -0.0650624172045694 -0.070536383552618 -0.203432903707159 -0.0849391897628195
"7" "sub-07" -0.0155782880457997 -0.0877330536292898 -0.0546166666387465 0.00201652061095166 0.0831527455100711 0.0664864572495663 0.0313405027748035 0.102371552426586 0.040482307498278 0.0647139801500666 -0.0495030129993769 0.115514417507267 -0.0969672408913918 -0.0967695470895243 0.0383067927616712 0.0555258046400434 0.0805513791623016 -0.0798336986872322 -0.0180165136014901 -0.0488115975754248 0.0477916032173186 -0.128079034699992 0.0212009180445817 0.0597254160554704 -0.0299136953128943 0.109766707454427 0.0240213775672847 -0.0942107755571817 0.028103855640517 -0.103758028472346 0.0303638569722888 -0.0698801546501791
"8" "sub-08" 0.0283901811447443 0.00605125076940971 0.0842891982760091 0.0424163129333191 0.0592416370813001 -0.0149548331136007 -0.00381454927803846 0.0252307906414733 0.000206824149855155 -0.141080239802126 -0.032817172329041 0.077577364769641 -0.0341391954589843 0.00823233312984627 -0.00890300351709861 0.022309858759776 -0.0798453349511089 -0.0711786288538089 -0.0103807062013108 0.0317811792248211 0.0879368996018353 -0.130441666287072 -0.0369984706814817 0.0337737351290603 -0.0210918106165987 -0.0851332708173378 0.285972529029378 -0.0158895694525089 0.0783882843513644 0.0036332838534117 0.027225377225527 0.182215092755139
"9" "sub-09" -0.0327014730730417 -0.0200184617233379 0.157174132083127 0.0658586706126719 0.211031189409445 -0.0121749127877724 0.00486870334909174 -0.0391501240481961 -0.154216958108325 -0.112807240421004 -0.0270825852632121 -0.0413545854302943 0.0375125792586404 0.104684268825946 -0.139936158114912 -0.137841244774775 -0.0237187345637375 -0.160332567926573 0.0173212597727908 0.154145743765085 0.000505728675148199 0.0424075228009759 -0.0442851042791389 -0.0406100504666846 -0.078113399707179 -0.10376206179347 -0.0589991281501883 -0.0127568481179351 0.00967127262103365 -0.0590078001616288 -0.238216673220175 -0.215287568136475
"10" "sub-11" -0.0130352456404876 -0.175146756483418 0.0428107318965296 -0.122126502601248 -0.086654637085788 -0.0265650270823463 -0.0874617064352809 -0.0714158980993276 -0.0136628626433827 -0.0545606165113052 0.078100385649494 -0.0374074444347282 -0.111148034947693 -0.0763895329583601 -0.0429778837011549 -0.0289914031739714 0.0917983019944176 -0.000292539588776396 0.0442518274446809 0.0632089277298336 -0.0750983098852957 -0.0815952370478005 -0.0867874279757459 0.0583500020810098 -0.0123065787427907 0.0169459632333493 -0.0182568200353514 0.0430907618761584 -0.114630189148066 -0.103285230144554 -0.118616665697227 -0.0188984767468506
"11" "sub-12" -0.0161266945964303 0.0165223772143189 -0.0089333975849756 0.114756451862564 0.210194858728376 -0.083589830235226 -0.0390465651176619 0.0939126478421067 -0.0899483775981902 -0.0249312876103315 -0.123193600884428 -0.119365189114101 0.0163436518756302 -0.140509927521145 -0.0149327318394522 -0.00365461290360095 -0.0101533883359421 0.0474251562654086 -0.0940411889612231 0.0589743965688459 0.0859507021075291 0.0336899605796486 -0.0630521380546626 -0.0429568500757364 -0.10186525078743 0.0222523915065927 -0.163480542854428 0.0125598263437004 0.08554558461239 -0.0889280738512114 -0.0682427997902102 0.0126564703042788
"12" "sub-13" -0.0493506699373268 0.0583611219497654 -0.125373557025097 -0.167195508411088 0.011894809143192 -0.0783812277872675 0.0105042007176543 0.0200493179566657 -0.100684447205806 -0.137537524003776 -0.178242750712118 -0.0425568794405234 -0.186686905563869 -0.217479919176862 -0.167261459166789 -0.0241099244943419 -0.0667554090099356 -0.113625863670984 -0.00606642049282973 -0.134401430179328 0.192815306460594 -0.0719181367003906 0.102286229549126 0.0465971308039855 -0.0934749176124399 -0.0921476368213685 -0.0850267025592545 -0.0454389589642728 -0.111499792093239 -0.234030104537543 -0.0970663806404655 -0.0568938416978515
"13" "sub-14" 0.159120801447822 0.0253862385759066 -0.0883972951849748 0.0803563071087679 0.073347018356745 -0.0912719838893723 -0.123973341813857 -0.126456896841655 -0.052363110968017 -0.180820155265765 -0.10909028567835 -0.148045615297157 -0.235834097594484 -0.180601654286204 -0.0337049309586759 -0.129517516739538 0.10284465015204 0.0892370302632914 0.00767465480512238 0.0457536295366623 0.0675514305520946 -0.190608946206557 -0.194007501857112 -0.0900943119793876 -0.0693669856765892 -0.0825576560414587 -0.115332401088778 -0.0802965630758989 -0.231959006574694 -0.145435212943947 -0.0884852906651752 -0.110637896422515
"14" "sub-15" -0.0191541934137711 -0.0226542909255155 0.204604754905559 0.0633927567833948 0.153426576647554 0.130457317534294 -0.0416668224918666 0.104481095079256 -0.105109687514621 -0.063264311277483 0.0409466087277442 0.0308525736707943 0.0588980869632917 0.139752075043375 -0.00414548997747169 0.0509211009264691 -0.0876548890360796 0.0339387267297547 0.133471489574844 0.0216237748791741 0.167822837222895 0.131141708274715 0.211220996625219 0.209403948398697 -0.0954181234630976 -0.105108778195783 -0.105824947251268 0.132453396983779 -0.0437359656228697 0.0122653891753261 -0.024560287385882 0.0577707630010154
"15" "sub-16" -0.0633929380384379 -0.0530476444326309 -0.166736682210679 -0.0142740890527638 0.0466286016120874 -0.0218594590766237 -0.0127407043567207 -0.0462776196701798 0.0798278769396372 -0.0215880484145183 -0.106070421510342 0.071955821896825 -0.109286499947005 -0.293965932800321 -0.0307844164943976 -0.0229683022548783 -0.0586252861398252 0.0388190296776003 -0.107203431501949 -0.0928457544987158 -0.00617811146997496 -0.0775761650083045 -0.024840573496076 -0.0231204625482364 0.0215325770287894 -0.0388719342824934 -0.0593001246498764 0.0815818691438806 -0.14930064120024 -0.22653831913255 -0.0914943862121938 -0.0911072977266272
"16" "sub-17" 0.0503804410225534 -0.121594305480512 0.0217739380546727 -0.0545033105080243 -0.0140192893543253 -0.0313254303442655 -0.0881792092568706 0.0801899408798128 -0.216364325671673 -0.176308986511269 0.0859588865033274 0.0513732294761371 -0.183239663441617 -0.115735239495907 -0.0820105510418661 0.0655216729385583 -0.00459721650898365 -0.0228262250407597 -0.0731902283617858 0.0729429214299898 0.113692625381304 -0.0897811033501581 -0.133766271508249 -0.0327987691469409 -0.170739850107026 -0.16856908533189 -0.086547255915304 0.180201095774054 -0.144547228978617 -0.0188234765075653 -0.00941026485230712 0.0300211664082597
"17" "sub-18" -0.0858608952789766 -0.173991925543122 0.0943477836923425 -0.011407877586146 0.133449067157508 0.0697427261969386 -0.0899904997365268 0.0193502943320527 0.0156247466293595 -0.0889844157627976 0.0553645071193686 -0.16407951230759 -0.0976849671855363 -0.102377231772537 -0.00728826900967154 0.0681112222873209 -0.101913780689612 -0.096743227062363 -0.023310203028165 -0.171566792741047 -0.0717866608134365 -0.136578583225309 -0.0118223716182478 0.0314068851508816 -0.194204731802 -0.0300717977246954 0.0129062305717443 0.121327726192854 0.0222456069260692 0.0844312216823484 0.138600164834807 0.0199271708969784
"18" "sub-19" 0.0624319566775163 -0.0238196957005401 0.0163093449454218 0.122592385975053 0.241773792588708 -0.102150573476749 -0.0556680870900368 0.0499829994130156 -0.0291055846449494 -0.0401926415736306 -0.0534434814910129 -0.0681193655372922 0.0373933824408295 -0.0613383594617398 -0.201299267619778 -0.0158345168262796 0.0319851495521637 -0.0631874843859253 0.0807180748487863 0.0465614235564573 0.121288602410596 -0.118418697317617 -0.0220811373018603 -0.0541211512068005 0.0304647745586061 0.0990961315109811 -0.0587959281475246 0.0335858579175111 0.051424139359274 -0.0423247778588651 0.0141048004500827 -0.0401495459316091
"19" "sub-20" -0.0598877247866 -0.125623480735493 0.0845906040899909 0.07461743710988 -0.029304503039742 -0.00390328945170279 -0.198347744380633 -0.0789109359280446 -0.206529509895804 -0.22199266048704 0.0599419493740054 0.0602667078378891 -0.0408380503741604 -0.0296139862464216 -0.278357519474314 -0.101798985459654 -0.122314907514152 -0.151106021349668 -0.0631144968455956 -0.00697213120599195 0.0920062165045125 -0.0721001636067634 -0.160138212639616 -0.0825872804537163 -0.19730989309193 -0.209693530535849 -0.00806925889494827 -0.0332571928108658 -0.0454632697030438 0.0153569670810817 -0.295509215096178 -0.153440047083164
"20" "sub-21" -0.00451182568755017 -0.156779267238469 0.091277221580242 0.126578804820168 0.196121610879047 -0.0826052009612296 -0.137562902377326 0.00737780179496551 -0.192672356095305 -0.0774204379561296 -0.0444680959663656 0.0329071042703679 -0.150381114116108 -0.0308407340236905 -0.13526221803808 -0.119679475365541 -0.0785081799525247 -0.0553888208940758 0.0134702403470516 0.154583409698117 0.1012193517315 0.0518128259836085 -0.0380227286127311 -0.1481946087828 -0.0419181558612971 -0.0442462683524461 -0.282051333467369 -0.127944620043851 -0.107790554795284 -0.0183710482503057 -0.0271274043127496 -0.101828713856544
"21" "sub-22" -0.135045678251345 -0.136992516433371 0.00098195428732607 -0.113794338417926 -0.0938447223357274 -0.00204974851553493 -0.0786465988174238 0.0565651413623494 -0.159078990406326 -0.0875252917050202 -0.0500319325022636 -0.0229519083917291 -0.208956961048434 -0.155461194543111 -0.174759624482528 -0.135821958807061 0.00976222356758778 -0.0887657806811261 -0.0196137689810263 -0.0807224234645727 0.0819835284250006 -0.0594815863927593 -0.23206995242262 -0.00273503599089252 -0.160075551075844 -0.271938689639421 0.0235806583382354 0.0178658152311178 -0.0765536890241879 -0.0560053867663767 -0.108044948436469 -0.0430443794485939
"22" "sub-23" 0.0753629490040108 0.0415466020810731 0.106328964587101 0.110476305236877 0.154177063107036 -0.0489233810837896 -0.144252540368719 0.116693512463134 -0.0873611542263322 0.0334229198123552 -0.0690653020021809 -0.0967446743441448 -0.0812168569861422 -0.151155902421481 0.00369663947477765 0.0117524346753791 0.0868678186747737 0.101083479459509 0.0190349964651838 0.0208342824266465 0.17317706759225 0.0080761674482238 0.0805548265184479 0.196651303825574 -0.0710402603602786 0.00654370563338433 -0.109654979409284 0.00757004736108571 -0.0210676263883096 -0.0404589119030898 0.0267506909430951 -0.000657482390194676
"23" "sub-24" -0.0233051447946872 0.0905908364379523 -0.12243006198682 -0.0874415119006623 0.167413630523695 -0.109141041164024 0.0832519640172824 0.142241214518546 0.0603662001134065 -0.0334513362841775 -0.0567764491938295 0.190658761467704 -0.204335849527594 -0.0616362549089619 -0.0138625781870292 -0.0192741290164224 0.0015304582073883 0.0271721254375799 -0.16009935421467 -0.0473970034789332 0.0720251518444971 0.0377242876491231 -0.0750288906317484 0.0424674301235186 0.126887599959626 0.0624093020281324 0.0787174735170037 0.0759845083411928 -0.0316233539541189 -0.119196669976185 0.0290047623464908 -0.0540801627359674
"24" "sub-25" 0.0893969666941645 0.0820725033202651 0.039040052383471 0.0952193303145795 -0.0418162347098174 -0.086804030799621 -0.0876975764079175 -0.1485723450445 -0.0139106311359033 -0.130489058439141 0.082052896358417 0.140930217806964 0.00444724388988731 -0.136404431422598 -0.0754724737098273 -0.124372128391417 0.106796626954798 -0.00709583330115111 -0.00500591984501141 0.0266957683653803 -0.0941114565379746 -0.0490257815668489 -0.0293997061739286 -0.0132088318802788 -0.113376546117692 -0.111749617931264 -0.0270862303252497 -0.0110576073413488 0.0166674006917745 -0.107295318933815 -0.0841021223349502 -0.0713046207061903
"25" "sub-26" 0.0145940045302632 -0.16233203472883 0.0922076556597857 -0.0172345274644655 0.204336179663052 0.222467278696297 0.0619327969715949 0.0306902754999554 0.0130383681995993 -0.117222035099046 -0.139351648700484 0.0410094250715329 0.0328050442248236 -0.0887698535734336 0.00569811920636417 0.0206223446544327 -0.023118001365814 0.0351043016377435 -0.168952073416808 -0.0525266002867717 0.145017168448093 -0.0318255331096409 0.0235957921321622 -0.000422561699067043 -0.171916804387191 -0.168027244742152 0.0434704597771676 -0.0203437359353539 -0.00957347998241872 -0.17012763974613 0.0523650242344753 -0.0200432144175776
"26" "sub-27" 0.0395483538364455 -0.0694772120961449 -0.00703672251770524 -0.228622272575615 0.135178980135776 0.0210349531872581 0.0474043845800611 0.0923324189039942 -0.12701143790134 -0.101418288306191 -0.0379261252370818 0.117604367706048 0.0532276816009411 -0.0916115027015231 0.0710004436306134 0.102698178280342 -0.0862812921451414 -0.104764939397422 -0.0754838468248775 -0.107267781744095 0.102809333035222 -0.00488859695115368 0.0981259517101685 0.02991170974657 -0.0804253597982254 -0.0380871077697135 0.0139867017455094 -0.00473206819893208 -0.115688196918493 -0.0709328474085718 -0.0618675464971517 -0.041608025986966
"27" "sub-28" -0.0961712941685668 -0.192847396334313 0.00440540270333383 0.0588197556855032 0.338342175842125 0.20072010023525 0.100825182628867 0.105669560965335 -0.0298404219081835 0.0476337896632938 0.106920250909007 -0.0354048826673347 0.0582449923856854 -0.0125749144581685 -0.0170693022334782 0.0489627038861944 -0.203450767214412 -0.245096785364202 -0.0287071697128691 0.0305042575278907 0.0084156873022819 0.0355754254612215 -0.0484664147963689 -0.0422850541007997 0.0483431147049358 0.00855570247185141 -0.104340078564027 -0.0226981551952346 -0.0359718541979009 0.0165083711355728 0.0838063244462976 -0.0025151582761848
"28" "sub-29" -0.0944475292812223 -0.0677859484271124 0.0499453561777086 -0.0520216047587599 0.213346705724716 0.0528321111509765 -0.108654521807329 -0.0901426389131194 -0.0818842529295134 -0.0477611463116235 -0.00306956804493085 -0.153398532360544 -0.086660502545412 0.0395069794132826 -0.0279198849889165 -0.0284466865551721 -0.0355471538289745 -0.123175188851169 -0.0664577571674499 -0.0422189467289434 0.198771738374902 0.0885730450222543 -0.0787676086909086 0.0601795293390166 -0.181327336021357 -0.101209052104277 -0.120300595087398 0.0276128140422171 -0.134143826347624 -0.11408452803274 -0.16203992979076 -0.12658913677027
"29" "sub-30" -0.0428785149805824 -0.0426615863740006 -0.0729760993266665 -0.0151834545572069 0.324601363131923 0.0615512081778405 0.0327422467442358 0.14332804753121 -0.148457345773416 -0.135731386675508 -0.0817859349804584 -0.0554130805278295 0.0584129421799179 -0.150902090934034 -0.125466124861737 0.0168316008280118 -0.0488500793215855 -0.0268303995569278 0.0501307871819649 0.0151273015782178 0.25519245975668 0.0164605578857333 -0.0496047868347241 0.0896016843197096 -0.125113463318431 -0.146103004692486 -0.0768643899231057 -0.0100424437020201 0.0404331903464836 -0.0786317344551864 -0.0188203947273918 0.0819407533647814
"30" "sub-31" 0.0377772872794226 -0.124799425238701 0.0824946283205336 0.0362660587837797 0.0521973889758927 -0.0116994093914092 -0.086374697027083 -0.0846879250217021 0.00741824019974783 -0.00785640011796581 -0.0874770732067698 -0.140447187430238 -0.000339532325725771 0.0658755382973599 -0.0607540576490174 0.0551560140090414 0.160035156289309 0.0426109855409667 0.0223112752736445 -0.0800646430871204 -0.153096996493972 -0.170860265609298 -0.13073325646747 -0.132191570939757 -0.0629684642371348 -0.0491387585594412 0.0726679246259508 0.152909594310042 0.0276401639695572 -0.0382761869629873 0.0532821144281236 0.0463358679290725
"31" "sub-32" -0.2314307786928 -0.147468946927626 -0.0342676580382902 -0.29475809850776 0.153224351003253 -0.0505515545037272 0.0818603225527541 -0.0709690893229791 -0.109726871393549 -0.12216588910739 -0.00106058724744867 -0.155075473634721 -0.0902280021978247 -0.0107466151696652 0.0517475633466222 0.105736238014827 -0.204360849329979 -0.0995930575301133 -0.130492128409902 -0.199651437359607 0.156819999942551 -0.0422996552543423 0.0145352668699381 0.0448826860868371 -0.178860915546009 -0.0699708788190323 0.0508171016403302 0.0165824263534819 0.013692256433977 -0.0373399539331733 -0.100412062246669 0.0710001244647135
"32" "sub-33" -0.128786303879002 -0.10076016392327 0.0933533005600456 0.114982564634867 0.102074596767555 -0.0814350065443597 0.204140134576651 0.186793788047278 -0.00281302660803037 0.119632647832988 0.0500956013657117 -0.113936308632315 0.151491028995762 0.0333011902350403 0.0742492631953406 0.077781925832064 -0.00394567362311464 0.134111468905147 -0.00141545591015557 0.132336375648463 0.104729142364336 -0.0660437959719864 0.266567761542779 0.125054722583016 0.0939106257703016 0.162565789674137 -0.156979559948322 -0.0216755565947937 0.245976607641243 0.170101083246781 0.080003274882557 0.0806919876407915
"33" "sub-34" -0.0374291583034348 0.0916585877591687 -0.0206993003004781 -0.116695146640871 0.0399990650274664 -0.14461105700824 -0.0399652010368421 -0.0851787420547017 0.0168286895051922 0.0280680440607964 0.0287001218124789 0.0805420486791581 -0.119309625067326 -0.269731584684682 -0.0593490543075497 -0.0535072066836671 -0.0649641050052114 0.0439646155259405 -0.0825242231229337 -0.053568221156885 -0.0720423423107693 0.00305385283131337 -0.000116689996688468 -0.0364929006864808 0.0911174685313797 0.0964510941752399 -0.0308566676570972 0.074109600891045 -0.0315297252024524 -0.19145119467859 -0.0449411469186362 -0.0607994142942383
"34" "sub-35" 0.0328868906240911 0.009447048053109 0.0173600764972552 -0.0281905490332023 -0.0334592316441079 -0.00529837297442129 -0.0484578904255046 -0.0188936670126819 0.0158680465490173 -0.0323277817196989 0.00378344107053161 -0.00619765555117795 0.0152153614398127 0.0683972624446197 0.0995911912648016 -0.0105720287622478 0.0316205764458583 -0.047243158959403 0.00450978492374346 -0.00481187568003822 0.00657451711877524 -0.0462914836543454 0.0334583232622236 -0.00423375965341875 0.0335009291631052 -0.0348311415583581 0.00910239368116899 0.15533869047107 0.0187144326762263 0.156329811566816 0.167056044684332 0.0368844665841288
"35" "sub-36" -0.0478748874614626 0.0197098560795659 -0.0161722083361757 -0.0207609470710536 0.170500072472259 0.0322816634357779 0.137053620996062 0.132002861243114 -0.198363047514479 -0.220363093013708 0.134090930181335 -0.0326916355975693 -0.227274643627161 -0.0973515457593796 -0.190353757350096 -0.0862549077523993 0.032806847808653 -0.078323199624101 -0.0909715447595764 0.0964689490334007 0.124979649906081 0.103812009507952 0.111698709431142 0.0835592019285509 -0.02958209293942 -0.235921869220288 -0.0568454885839925 -0.0102427930001605 -0.175647057888381 -0.169407332751873 -0.112863345770444 -0.142411071550941
"36" "sub-37" 0.251312329880691 0.18677626319292 0.113627876562078 0.156105104850289 0.271424813251278 -0.000743040076223928 -0.00574839851841086 0.0176257312950245 0.0114828578570592 -0.00118483891299485 0.00947604282349936 0.0498652747571289 -0.142288578356007 -0.270839544349913 -0.071386282168447 -0.0221673376709076 0.0906443446022322 0.243074106109045 0.162872670157639 -0.00476914806903845 0.119088946554182 0.0623423820017345 0.0654384220106409 -0.00676643557881948 -0.00138110884698437 -0.0375785085293491 -0.0402017068021429 -0.039017547786773 -0.0417129333423424 -0.0533757237592346 -0.155041656575263 -0.151529659438714
"37" "sub-38" 0.0898394392566121 -0.0703500262263512 0.000142859344506647 -0.0302045650365811 0.138289670237349 -0.00494528587007096 -0.345901835451349 -0.171998285595508 -0.295187731748092 -0.198785659645407 -0.148778415296664 -0.109926919696634 -0.119868785585464 -0.0099351992735158 -0.160741971582339 -0.0396719652831312 -0.00429305670573953 -0.178402199876936 -0.12917887258762 -0.0956905803692273 0.10831660851995 -0.047446581524471 -0.350443038685521 -0.373149979487336 -0.299800468411587 -0.294045587738042 -0.394727883774519 0.0271836835887096 -0.0973455154741584 0.00142446821751634 -0.243131039844015 -0.150689244378528
"38" "sub-39" -0.0519060992443308 -0.247266545185172 -0.119012786135752 0.0721498432676863 0.080865905392061 -0.0885363325278727 0.0291545168028072 -0.128909486853812 -0.0340938039964541 -0.0171048242946545 0.138683878588409 0.0595752508695177 -0.138950600083167 -0.0786527406232556 -0.106037803348089 -0.124917955364286 0.00511821507154182 0.0162538274613846 -0.0982503061218369 0.0140340524784874 -0.0108171748373101 -0.111799339611943 -0.0187088349582729 -0.00263198742433295 0.0440029656235929 -0.0918810933718978 -0.0879725328458648 0.0647810084202579 -0.0650841690515853 0.0185093176442031 -0.132725049919538 -0.03865106807318
"39" "sub-40" -0.21906107472547 -0.135629792559556 -0.0689852702066708 -0.0967694122498969 0.0724987759745851 0.15387066937592 -0.0678302838391315 0.00452715245802216 -0.1301606561979 -0.175210357397102 -0.0853632139931946 0.0401628447300592 -0.126725145615125 -0.206408182303775 -0.0490954696549652 0.0428377986050693 -0.109152305736709 -0.0966070611977518 0.0759475184882348 -0.110641259033462 0.113543154896066 0.0762460034431547 -0.000813163265862467 -0.246035213293805 -0.178307864022281 -0.276824466886792 0.169272865339663 -0.0716222418861174 -0.109283645705921 -0.14258205218262 -0.0862439390836427 -0.0946310193377256
"40" "sub-41" -0.0432212322655136 0.00156984258531464 -0.0380337226983464 0.119478103428082 0.258231577442417 -0.0732461946092273 0.108630192525164 -0.00638624275571169 0.0699576564458343 0.202251467054485 0.0658911687073072 -0.0512478461046527 0.106920513745166 0.104900414763835 0.063205271736214 0.0486571500009109 -0.0763940095748478 -0.0801643851743187 0.0252546090120856 -0.0322761633382441 -0.0180589949115528 0.0588245310923025 0.155537969957945 0.100436476845682 0.0539819692252011 0.0723012318988452 -0.092218657547542 -0.000284673004461345 0.14614825609913 0.100731570917075 -0.0261670408537557 0.0916741522522508
"41" "sub-42" 0.0783037224669241 0.0322573602292208 0.039619988009075 0.0336675145304491 0.293646981773922 0.120835187442814 0.162505151637545 0.286287145299695 -0.270078035705603 0.0193771263808136 0.0497331962758519 -0.118786548086941 -0.10149354226245 0.00305775719024109 -0.0693802869104638 0.0713643282237852 -0.00754994966335659 0.0921091523433365 -0.14323620728495 -0.154122150004156 0.302033577528664 0.0870523262734362 0.122325054504272 0.226599867640007 -0.154327201434683 -0.0317107535969731 0.0557691990430788 0.00108490980898224 -0.0460199043502996 -0.0154245769075316 -0.094327164441452 -0.021107845273545
"42" "sub-43" -0.036835051485891 -0.0213356182287718 0.151347444164329 0.0199313151680942 -0.0271703478021197 -0.177920928924983 0.0534656990372467 -0.100183549930914 -0.125032184664083 -0.103408277398324 -0.0800664931998094 -0.0580535508090585 -0.0356676791184397 -0.203582550280662 0.0402236038288066 0.117580082173998 0.0617141945206449 -0.0408556854612978 0.0256957650753812 -0.0150997688621815 0.198211864872982 0.0647735290629642 -0.109064148962656 -0.132513236008491 -0.124198378499905 -0.0593975533156049 -0.0761496617187717 -0.0650430211971735 -0.0632123181628726 -0.187989440591912 0.0505711317862637 0.0453320040592125
"43" "sub-44" 0.0595467662054139 0.204235576590575 0.123509781492254 0.189131710966095 0.195514559856217 -0.134113611083963 -0.0932869998956089 0.0683917668161844 -0.026916715115558 0.0779488392214712 -0.0402564680018208 0.0460309254203528 0.0238583090144134 0.000839786730741928 -0.019125303567398 -0.00319840703510742 -0.0906236394395643 0.0972216773669647 0.0428982666298226 0.0722823050424837 0.349902751074939 -0.0109956235964884 -0.0891144741238822 0.0882844461484673 0.0450398092121207 -0.0470565241388938 0.058237392234989 0.175507534689481 -0.0195663082227351 -0.0680185041591229 -0.0409633429987511 -0.0113359489628264
"44" "sub-45" -0.0406326150899725 0.000415518802980861 -0.00506761317047516 -0.00362260792075785 0.167659388156067 -0.0152712827427203 0.0562216951596625 0.0446015292404016 -0.145068168519074 -0.125374879236659 0.0656413125826162 -0.00244705963807104 -0.115382302779601 -0.154203104768589 -0.0818320093394007 -0.107398068206162 -0.041887474601255 -0.0548319705269516 -0.113453288059481 -0.0144027395404813 0.140820233905091 0.145369899349652 -0.0459416299885525 -0.0295649561317999 -0.107886661096614 -0.131702194447829 0.0893524836869273 0.00629661594347824 -0.137218013792954 -0.0823466865014373 -0.102001858893928 0.0187683245693875
"45" "sub-46" -0.129997370726899 -0.14927430361513 -0.00716861834465061 0.0251759655726717 0.201652536105696 0.025942865093416 -0.0238233306971205 0.161665769588418 -0.111841211928194 -0.189954263356214 -0.0317612808798281 0.161080290491724 -0.0807063702724175 0.024251516605532 -0.100785080543079 0.0615285376574685 -0.0781956373473489 -0.162222934152285 0.027156600877817 -0.0145229437323895 0.117820017657861 0.00760082281787986 -0.0872123506631137 -0.0217420353243295 -0.165137721211436 -0.153022631166576 -0.0331549458953027 -0.0587484592702292 -0.0582101894390194 0.0329208635057127 -0.0284558237113182 0.123654446110597
"46" "sub-47" -0.160455715001709 0.00435143092802407 -0.0663081040259828 -0.117758045314993 0.0157807507782234 -0.0159423010367008 -0.069395388946148 -0.102679537592339 -0.03652838601888 -0.0369817713021249 -0.00379934625133129 0.256512629213921 0.0253135602351191 -0.0204029861766743 -0.0866372088345859 -0.0351798039784968 -0.173041754730239 0.084564433897256 -0.103479986203329 -0.126323980572023 -0.0108269587727916 0.0528703353715384 -0.00770221632077173 -0.0435961357944507 -0.11076569474373 -0.239263103379885 0.22596809465226 -0.0300103120126239 0.0716450551508162 0.172790976259132 -0.12840434959498 -0.0475979729137493
