"sub.id" "aHIP_rh" "pHIP_rh" "lAMY_rh" "mAMY_rh" "THA_DP_rh" "THA_VP_rh" "THA_VA_rh" "THA_DA_rh" "NAc_shell_rh" "NAc_core_rh" "pGP_rh" "aGP_rh" "aPUT_rh" "pPUT_rh" "aCAU_rh" "pCAU_rh" "aHIP_lh" "pHIP_lh" "lAMY_lh" "mAMY_lh" "THA_DP_lh" "THA_VP_lh" "THA_VA_lh" "THA_DA_lh" "NAc_shell_lh" "NAc_core_lh" "pGP_lh" "aGP_lh" "aPUT_lh" "pPUT_lh" "aCAU_lh" "pCAU_lh"
"1" "sub-01" -0.149326863959437 0.0250465975845846 -0.149608450266295 -0.0748629995965486 0.174353640832467 0.00365098733067542 0.0940627418974322 0.100665501943841 0.0718575517836048 0.0450308351908851 -0.00913957388385283 0.0368627664677129 0.0121303839158914 -0.0485719925314418 -0.067425856327034 0.00704084236918058 -0.0315636180879382 0.0921055746130772 -0.123205621870538 -0.021712114345472 0.107226921039981 0.105516473564728 0.0954261036708737 0.0667162763974169 0.0309370299817237 -0.0894714158840963 0.00687569603277737 -0.128336710150062 0.143306101743016 0.0562835045804341 -0.00744789298294124 0.0120278177702456
"2" "sub-02" 0.0289540806826731 0.00319876838319765 0.0499627646124 0.0966014405781977 0.131461532738274 -0.0675921723308286 -0.00635638685608184 -0.0041962260195657 0.176967350711718 0.151853141742321 0.0580438476423048 0.0744118696579809 -0.101845935921528 -0.101998346994023 0.00559829489355759 -0.0835413397538868 0.00640429358480568 -0.0939895602243646 -0.0509979967419306 0.0469560325800334 0.081132008580225 -0.139562415691537 -0.110032962231658 -0.0924755646726581 0.0661570018939187 0.0828515537180693 -0.0169783248573904 -0.037424717150966 -0.171823903838763 -0.17093150699909 -0.0575486281855216 -0.121077938725996
"3" "sub-03" -0.0526242344793634 0.0799032333855311 -0.0262981424215213 -0.0672053535063103 0.0566651292504089 0.203084841768855 0.053665050655676 0.0296993176354032 0.0267003305403855 0.0465011876513431 -0.149911528490735 0.0618764295759324 0.110841234685643 0.0945815732915437 0.162334527491236 0.100713067023781 -0.092890940500057 -0.103870314577578 -0.0152179906850676 -0.083754736224496 0.0600061497732997 -0.00565638303338057 -0.0177616100749085 -0.0785894634021343 -0.0217452646241593 0.0320805802877216 -0.0491889554633845 -0.0256312455929896 0.0797627667064092 -0.0768953659923874 0.00243370316957075 0.120134911783671
"4" "sub-04" -0.0452657795464459 0.0844569525192093 -0.0103865036026905 0.192491886759362 0.11630559354007 0.0717245760398189 -0.26976536011047 -0.0939531470325683 -0.187570634163003 -0.259685239361403 -0.0640169936965739 -0.064862498979816 -0.0872723188808746 0.0151107395707981 -0.233744407904801 -0.249194440210126 0.0477200100230089 0.0707464677649798 0.0515693735909236 0.115351420950369 0.203031667383103 0.0834249172720005 -0.210232586522284 -0.217311495715507 -0.17710121753899 -0.191745615814193 -0.251533957410065 -0.180529392151459 -0.174460094030553 -0.0531235172373311 -0.185733300998197 -0.20785250312556
"5" "sub-05" 0.0500408624197951 0.0865811292328104 0.0292001656230033 0.221972747554933 0.0393774854128962 -0.174064225149268 -0.0281599154053512 -0.105176016686571 0.148063298667172 0.0333272737245821 0.145795846387677 -0.091515573915104 0.0184260093068305 -0.100384001835631 -0.0715419930693882 -0.093079639887068 0.0607112473295629 0.131405350849498 -0.13926867198148 -0.0946349397465076 0.115254129540013 -0.143263556098485 -0.0359115192188307 -0.0543627574792951 0.0797780702538443 -0.0226656625066525 0.0257388155902336 0.0323860401330851 -0.0319898352348133 -0.112966611816961 -0.0697034776654321 -0.056192383763847
"6" "sub-06" -0.204510586698094 -0.118582773513521 -0.0740524625347873 -0.18018710820181 0.0887509151217197 0.0875362469533173 -0.155694520401364 -0.0898812419692763 -0.043000178867767 -0.0814282676389063 -0.119587912094515 0.00616461258305512 -0.0923570903530498 -0.0811863310543905 -0.211183635894601 -0.176719925556845 -0.222509153875941 -0.081487894297218 -0.173228911085186 -0.168782340657012 -0.0663882154916748 -0.00719087404853508 -0.0946838336868486 -0.0336870649113459 -0.0857843840256935 -0.0988587298320291 0.0364403850813996 -0.0303500712613122 -0.209315243916156 -0.0409324970482837 -0.210252012470265 -0.121298285871121
"7" "sub-07" 0.0180223326068091 -0.0643439634288479 0.0305908289062565 0.0851674362481116 0.0421874427151295 0.0768112374394497 0.12172606250757 0.126596963194538 0.0995443125202607 0.0193764028971572 0.0628780634052532 0.0549441043379183 -0.130193591522973 -0.0853638882732581 -0.000596980986567411 0.0336574495254316 0.0184231491106588 0.0706574587271764 0.0566354638571987 0.0634256203939347 0.0154973486617801 -0.131794203300577 0.0867904300739482 -0.000666891314638624 0.0018863942829177 0.0329647990662479 0.116030934319262 -0.0403410869057402 -0.0995160039944305 -0.203313038483783 -0.00243247131250698 -0.076401160532313
"8" "sub-08" 0.0603530834725021 0.0507044303381357 0.0138547287608032 0.0965564280255004 0.00883447344831921 -0.1023886518441 -0.0776260785188772 -0.125263116304362 0.0296104709947799 -0.135598666504298 -0.0627208886532511 0.0731110221726423 -0.0145638613285685 0.000693430500544996 -0.0479898214840034 -0.0020154767800626 -0.0319943878314614 -0.0127335215766926 0.057335191168143 0.00489219626140245 0.0316173260946234 -0.13622665966816 -0.0552438276810846 -0.147558516834942 0.0593844039197796 -0.10261938710443 0.325053720018712 0.0448575839383127 0.0297710467090115 -0.0171148494699848 -0.012460677450098 0.157941807327643
"9" "sub-09" -0.0332337521984933 0.0169294098520717 0.00620700495619349 -0.052784525695255 0.230915072251765 0.0350586438550672 0.10119332577548 0.0693538118061591 -0.0959056870990021 -0.124807104160618 0.0304381796926023 0.04402007934514 0.0883209637385088 0.0604456148927406 -0.117391304463338 -0.0943022355876044 -0.0127175694050587 -0.156946391105692 -0.151293571742762 0.0566486765377759 0.136229878414441 -0.066338118369838 0.0285275724050952 -0.081469495731649 -0.117071304488297 -0.0681476721881105 -0.0925946859115774 0.0216273408876885 0.0636013653862743 -0.10538794625813 -0.147166405416953 -0.129239738147839
"10" "sub-11" -0.0296518563128468 -0.0667570151720266 0.0349569654726583 -0.037819933962827 -0.105038154776847 -0.125762079143844 -0.0444587811780786 -0.0184208947660191 0.0367152952519982 -0.218645743486483 0.0251671308752141 0.0157114934426012 -0.17820071112859 -0.0823521263161724 -0.0784991492485597 -0.1720987940225 0.0558056834074855 0.0239005925425866 0.119302176286264 0.189150140428239 -0.0874380369652352 -0.133737156354644 -0.20719217670767 -0.0231181686014858 0.0282858176776184 -0.115028277395842 0.00854663998336041 -0.00601778500527056 -0.155332377936534 -0.101279659815611 -0.14141605128201 -0.0343518493953302
"11" "sub-12" 0.0963637209860188 -0.0550684148647256 0.14856339459973 0.15839749689991 0.0931836891186065 -0.154297246559539 -0.149012830338597 -0.02969920717641 -0.00146658584272252 -0.0111154494659028 -0.0944085865241517 -0.0866137301225045 0.00276164897375725 0.0612714313288198 -0.0580314793077965 -0.030630028180963 0.0725307021575862 0.0556574154039154 0.0839492181699984 0.0662814187176582 0.0590331372766682 -0.027875039729199 -0.0436814350473341 -0.121814144061741 -0.0342275958791339 0.0676845907066058 -0.0409605617955079 -0.101217146448869 0.0212603272019665 0.0879846469243438 -0.0676198064418893 -0.0280885237402373
"12" "sub-13" -0.0860717391422811 0.0674483011141577 -0.0707689902103825 -0.0859856803210605 0.0630999510285871 -0.0356575663937219 0.0595527026782937 0.00913618168686495 -0.104976609352994 -0.0655840710337722 -0.0595333524786224 0.0392269365350992 -0.279172023978888 -0.26847973659663 -0.152531898969207 -0.0021712939979323 -0.0254162136405429 -0.059041195847942 0.0850304045265304 -0.0883433273422969 0.170055326050331 -0.033184440427228 0.0624184449962345 0.0523490030489633 -0.0131526943283156 -0.103205613954791 -0.170639297179436 -0.0797048634605616 -0.160176476584757 -0.221837050242213 -0.0437051866967799 -0.0589285513982217
"13" "sub-14" 0.15561848273188 -0.00564706600110075 0.0675507221125599 0.101267804657644 0.15812340650638 -0.0839819350907688 -0.0461484334449507 0.0221448142544526 -0.117852883760812 -0.124303069126629 -0.0731502430724482 -0.113335293964514 -0.127002347920267 -0.116889433279072 -0.0566038198716591 -0.131196962174239 0.12453392510987 0.156896382625236 0.0439229010936885 0.0641852292339441 0.196362463602005 -0.0631147798214499 -0.0497651759100612 -0.0027951863934679 -0.0130647721377806 -0.0643793135421085 0.0703532008329208 -0.0523748326829373 -0.124034115096245 -0.0811400819287041 -0.0528720977535066 -0.109048754296776
"14" "sub-15" 0.0207548986114808 0.0586714253484506 0.0831907550262972 0.0648248220943981 0.136200166104283 -0.0821050375034199 -0.179440473449873 -0.0389452720366038 -0.147839775489096 -0.0776558954415048 -0.0366334465227111 0.0225347023271836 0.0445467330477578 0.0454200411334222 0.0440865457728894 0.0291273235957298 0.00781574668182422 0.0773790910724422 0.130306924236146 -0.0358238354017867 0.10422187231777 0.111821822614999 0.0520728169032379 0.102971186496119 -0.155251989310051 0.0904730023822003 -0.15243291008429 0.0480442480143965 -0.0281711437226931 -0.094586422887803 -0.028022829270141 0.0916360632264187
"15" "sub-16" -0.152373078147606 -0.0874859729291433 -0.156901560789998 -0.0904404504234185 0.150001252742464 -0.0825413122660172 0.00678021057543035 0.0243840869042016 0.0661246144384202 0.0790485331207295 0.0100817327475049 0.06832571030556 -0.0338310515705195 -0.22587275790675 -0.0162145995830566 0.074802431948262 -0.130216604065696 0.0151487029358154 -0.137702146814058 -0.126791454169404 0.0482682335164647 -0.037077496169127 -0.0103625281568138 0.0165558719247812 0.0314100513480774 -0.174781846136877 -0.016289548162687 0.0824662766652194 -0.0719485059882269 -0.105299257867085 -0.0537583655881576 -0.0508009349177394
"16" "sub-17" 0.0204305981372484 -0.0950688686455606 0.13341637201713 0.051708458595207 0.0348003793144558 -0.131388239091258 -0.114302753685586 0.0961788085195231 -0.130254192049778 -0.223876125672945 0.0284296028490528 0.0701715076681467 -0.166257018682348 -0.0758465379502698 -0.0658411431353033 0.0587938108176213 -0.0407202732733697 -0.00547694148357433 -0.0944454593085275 0.14478433940161 0.10338533148432 -0.0914635890255617 -0.157445285850711 0.0513594811053062 -0.167810611243006 -0.143104279295363 -0.152086358584846 0.145685589914986 -0.12809398017575 -0.0252888170536658 0.00407255967163926 0.0345517567023323
"17" "sub-18" -0.0574503460921922 -0.0741525204631778 0.0471581922255736 0.0864996591606936 0.120661854477587 -0.0210904373550768 0.023083481410498 -0.00508375436833682 -0.000681693696884751 -0.131327887466041 0.00542280114867032 -0.138172752987959 -0.0284888635434745 -0.023820740175345 -0.124806659940763 0.0258845444279227 -0.134784049792342 -0.0400767615806528 0.0698264246000257 -0.193620073732147 -0.0330425561863727 -0.0404705612859175 -0.0516595852960884 -0.0246710798975999 -0.0751870454503576 -0.105341341491116 0.0223848962634515 0.117221230203226 0.0771189384430292 0.170253681741251 0.005825359418773 0.0040946100643419
"18" "sub-19" 0.0133093830037555 -0.0786658374082835 -0.0256481265948825 0.118180194144031 0.265400307788085 -0.0593409850821745 -0.0561682758955178 0.0177461736354307 0.166696935830881 -0.0220509371485945 -0.0820562890564363 -0.0813485339935686 0.0396428034863329 0.0164750703301976 -0.177587636441157 -0.0220042415355862 0.0322764545983054 -0.0686621637317017 0.032312834321718 -0.0017782703322892 0.0671083082585111 0.0366418383834822 -0.0267840038612988 -0.0912461024034651 0.105882645615739 0.113616057548475 -0.0882525630056796 0.0285891247883318 0.063121487065317 0.0438681943257879 0.0153012236338599 0.0426942857389147
"19" "sub-20" -0.0905018997817832 -0.0667650446599274 -0.0351312106770618 -0.0858122623765839 0.0214675044214629 -0.0264119038845348 -0.173977531831487 -0.152489865684087 -0.167671850665794 -0.137246527277087 -0.0149337372662215 0.0348377055158045 -0.147642215012532 -0.209594845913195 -0.195460546410369 -0.0235167961166375 -0.189497619239589 -0.0368873906678254 -0.10837345419093 -0.190872919288329 -0.00352459660684062 -0.170312647271993 -0.108513182945879 -0.0610266661477493 -0.11960239001268 -0.111862779624225 -0.0194428844848067 -0.0396518920511983 -0.082321524911772 -0.162452124456305 -0.1904341170611 -0.0635246162614727
"20" "sub-21" 0.119959625295445 -0.047029540374385 0.197256585337206 0.180223021153728 0.194908586879046 -0.0031871463220645 0.0235646824512753 0.00985714905458813 0.0030425748591011 0.0835578525518438 0.0441611086934491 -0.203773425239173 -0.0204004783645019 -0.000173667919141099 -0.0522221613011896 0.00677127266509422 0.140871362926658 0.117805098370609 0.143385902027781 0.285497756926118 0.13963156073554 0.102826229003378 0.0249742076914764 -0.0177547745122809 0.0669847570673993 -0.115937696731493 -0.268149799119894 0.0951303528846804 -0.027408164552286 0.0768446070311631 0.0690754120657034 0.0299261208846773
"21" "sub-22" -0.13849271708072 -0.0949768546280412 0.137460664044865 -0.111454006366074 -0.061545067021668 -0.0793170065243344 -0.181501087217849 -0.0948300622095506 -0.14303246446723 0.00417695212618334 0.0664968262109165 0.018948309862652 -0.148165407569847 -0.0639606087037492 -0.141318729141732 -0.125240792227558 -0.0216180843394536 -0.0897018590563404 0.0135016392092014 -0.0342843916161788 -0.0690535214876192 -0.179803965152161 -0.226724807480398 -0.155414168090924 0.0121151051143205 -0.144483664557232 0.0129241562691346 -0.00732174449656663 -0.0341108224257244 0.00468035792692205 -0.0474567900502633 -0.0745831775549295
"22" "sub-23" 0.0831430147402295 0.0930698550256729 0.0104714611836107 0.0225285076012919 0.0681054560286142 -0.0628235931892712 -0.243852511383622 0.171864948343045 -0.135943468846058 -0.0644463421662263 -0.118259097758404 -0.201668739909421 -0.146124603108082 -0.160656904544641 0.00535165906344556 0.0868836694430406 -0.0392820642564171 0.0639642596056021 -0.0634304604569631 -0.0904916971180218 0.129812001420647 0.000486701369366435 -0.157051257691286 0.0136857072161943 -0.169352790371077 -0.134716587357609 -0.147548652476338 -0.114292957047926 -0.0402047842875722 -0.172747838876014 -0.091385270275685 -0.135941157078952
"23" "sub-24" 0.105448068507482 0.128040661786315 -0.00940202318051646 -0.014739843911328 0.250103678672981 0.126982738086384 0.0731714745001755 0.0772919087448817 -0.0385369648691091 -0.0602995066489303 -0.0954171714763599 0.104567340041906 -0.059187965077772 0.0820890199010044 0.0129765190621902 0.0172758084707585 0.100458044949652 0.113070983031266 -0.0443117106112762 0.0466098465028443 0.0251131642395585 0.00281732491819049 -0.0283754513047015 0.0220989098517157 -0.0209343590582268 -0.00839199514971867 0.104996794640202 -0.00351980648111584 -0.00131285996721695 -0.0352189593544604 0.108348976261081 0.021751665942251
"24" "sub-25" 0.07119961866236 0.0391162978057765 0.0785975248727818 0.143291483012896 0.0248327837096773 -0.199822023702234 -0.159775047402734 -0.248305433652806 -0.148871636511547 -0.179190923313577 0.0772430707642496 0.010598976183438 -0.0131115242034148 -0.141613130447805 -0.066714018679001 -0.11970314774945 0.05573193625889 0.10036391766647 0.0392675310765204 0.094053738842087 -0.081354306842257 -0.00807743419358472 -0.0716504590612125 -0.180782169040316 -0.117955487129692 -0.196189881477222 0.0286985939150461 0.0544855222526851 -0.014408433927723 -0.0543261390505986 -0.142371078425859 -0.137287767118369
"25" "sub-26" 0.110181248802716 -0.0579668692252692 0.201590117856449 0.0780434990387687 0.218747586201643 0.158539387457925 0.111047998515276 0.05687938398353 0.0165880875657067 -0.100615603701754 -0.0535714614583936 0.0167503770170743 0.0971070632574919 -0.0046093092135923 0.082785268597144 0.000700760051352955 0.041218251473864 -0.00255625731886006 -0.0602583049907801 3.73856956616338e-06 0.21618896457325 0.0669540252309064 0.0408462303706636 0.0391470686959104 -0.103093714611398 -0.092840400823528 0.114300783692681 0.0567693254020265 0.106213755119489 -0.0655125604294542 0.0150907424287013 -0.010442972239613
"26" "sub-27" -0.0424008839811877 -0.179118047943054 0.0226266757527818 -0.110804947925724 0.123947123186271 -0.105544438154122 -0.00240041741466746 0.0409263342120847 -0.206257156201845 -0.162808947269435 -0.0669962831592814 0.00538313132788684 0.0959095309642891 -0.182245261444805 0.0931360168748382 0.0390533610265169 -0.165687114920531 -0.292033967786083 -0.0768566404438295 -0.0357358560946773 0.078408439616606 -0.0887184992224606 0.0404878702403066 -0.123886506819804 -0.0757860709098461 -0.123089340746374 0.0747271669973191 -0.114900060336342 -0.17594965995763 -0.0956196215014236 -0.112213113421813 0.00401539200446319
"27" "sub-28" 0.0664095617907279 -0.0561765974041729 0.086593119020799 0.197062523177134 0.35672294380811 0.112929162003453 0.112287589482792 0.168188730424585 0.0526985412846978 -0.0690935481240473 0.269206407564202 0.016499406909837 0.0591776331354011 -0.0489317974014873 -0.0344874205640696 0.146668816114969 -0.0364965099007739 -0.0992299935603556 0.165283485266184 0.145901793849435 0.137287224798806 0.0791338220190953 -0.0813808609957921 0.05388344813271 -0.0962644199658936 -0.114477021633985 0.0473313766130358 -0.104149502942928 -0.0854384947831644 -0.00601855534749879 0.0579051634972682 0.0558247507018369
"28" "sub-29" 0.00791042088177438 0.0696438438669112 0.0539515222670685 -0.00986008028369612 0.155709906579154 0.0691129034129049 -0.111200034772357 -0.112823907312177 -0.0929763323255595 -0.170684967680518 0.060065466648066 -0.132035542352448 -0.120965992360663 -0.0106647613774086 -0.08242726229809 -0.133407297499525 0.0150864809694135 -0.0291860400940197 -0.115162932282146 -0.020599447072412 0.0282497307881078 0.186817456936097 -0.146824667673656 -0.0293000590026483 -0.183997533710168 -0.093321393296498 -0.215160471589854 -0.0216189171626116 -0.126145707136118 -0.169707639440133 -0.187273030829039 -0.176457960568318
"29" "sub-30" 0.0811207437804897 -0.030508061284671 0.0607275069038703 0.141681728554456 0.327666683905142 0.115181366912106 0.0516950249435168 0.188231408425656 -0.104918531085965 -0.0934905028988446 -0.0600435773576701 0.102020984832225 0.00474173359600664 -0.0946190531117336 -0.119824795163807 -0.0189991811237684 -0.0163851106666397 0.0098123786073544 0.144592203465813 0.150470948120567 0.239575599463433 0.141374556338559 -0.00520478882481872 0.0614031769728425 -0.0573072441895409 -0.0866267421119963 -0.15431605305857 -0.0385855652582022 -0.0261905409894309 -0.111087238331246 -0.0916019771720377 -0.0440768300100482
"30" "sub-31" 0.0663028978198422 -0.072276560110895 0.0571029796416607 -0.0437070867294402 0.123989203761176 0.0474804224541858 -0.0756552521232818 0.031018598055275 -0.00154924988650463 0.0503531649913388 -0.0694648398212109 -0.0321353518888897 -0.0105059085078617 -0.00193749266990256 0.0727791786100709 0.0927295965179428 0.112416299019656 0.0370653842228578 0.0330208095938933 0.0134304771203606 -0.0561738770704253 -0.12561081319374 -0.118610946453769 -0.189826323611661 -0.0123553436368996 0.0327122036259917 0.0352132080174116 0.0397243960023257 0.0400811999810985 -0.0731951177561699 0.133054351587728 0.0947307995511001
"31" "sub-32" -0.287718659465717 -0.119298363734709 0.0590676326117198 -0.175068183891918 0.18806450168466 0.0338862861418912 0.146015230350078 -0.124273109577459 -0.0489809217035349 -0.127099438975396 -0.034089053075085 -0.125512061902802 -0.0684879233444553 -0.000638884021048816 -0.0233412026529063 -0.0277958062386514 -0.231907145617432 -0.112346802854335 -0.0356723772968401 -0.0637723454881069 0.111146369107335 0.024770488741198 0.00158332137241278 0.0581297397559642 -0.143616127749677 -0.13302628633179 -0.00247046829027938 0.00996147823914401 0.0375687355761541 0.0189737514713915 -0.120283137373096 0.0485937329872451
"32" "sub-33" -0.0838760072077248 -0.0245425398017561 0.0123771379561528 0.0927385282076297 0.207160918724206 -0.0872825033917534 0.197845287344972 0.272283215417552 0.136481580386602 0.134296047708438 -0.11960098849556 -0.167154646157469 0.238520981272214 -0.0230484854210123 0.0292426878128797 0.112044838661395 0.0082199861890691 0.142431375799999 0.0114975564737708 0.136226195575928 0.0674082125260237 -0.00370937589403961 0.198334021279048 0.220595800995202 0.122243410684058 0.137932549459228 -0.159125740876318 -0.0546742679691946 0.307583982843813 0.0981583184968614 0.12597570835774 0.0815856462693529
"33" "sub-34" -0.0304216156299257 0.0734122288591119 -0.0259540730362639 -0.104932190885992 0.118219162349432 -0.00303364320414258 -0.0513646976852452 -0.106246477281745 0.0107874852101645 0.0784816773913085 0.0530511859248763 0.07504705193468 0.051301391290121 -0.127999499138916 0.000153727814760365 0.00978773629184934 -0.0274338840012772 -0.000166594009402428 -0.0115977293891126 -0.043784115523283 -0.125103044558476 0.0439423021376446 -0.0941934805231162 -0.0821310031104289 0.0207160639393626 0.0500023534730711 -0.00520814296984195 0.154286553498674 0.0311795615751234 -0.0554734611771217 0.00116750693199929 -0.0751469421164393
"34" "sub-35" 0.0720337917440645 0.0653720828737458 -0.0354091610666251 -0.105478908202912 -0.00490372880260043 -0.0047026007816911 -0.051449330376363 0.0402418051704863 -0.0141990446951266 -0.089674709269463 -0.0260161572911521 0.118240780293808 0.00664656194521498 0.067517729554954 0.0837357435808004 -0.0795456417579096 0.0590174197436422 0.00870081168784639 -0.15635274934006 0.0520605447769131 -0.0133322065649154 -0.032511316537282 0.0659688808523476 0.0637152702623152 0.0473514727253731 -0.0452090541235892 -0.039840211526681 0.05344047264241 -0.00895949157860399 0.106983469536628 0.120582859174908 0.124484778780915
"35" "sub-36" 0.0453837888845592 0.0922527368826521 -0.0256439963840008 0.0107064333889666 0.250401307173857 0.0967088584066889 0.125406409049073 0.0909061917028381 -0.0506530809329629 -0.0665689881917304 0.00672936984639167 0.0105970400422447 -0.0756179086368476 -0.0981754368949947 -0.0573262333833273 -0.0560787461280242 -0.00999383889419674 -0.0795451959040541 -0.0493431497406757 0.137697852056975 0.145185161210291 0.113854692253738 0.051421108734381 0.126555493440219 0.0231115333806263 -0.097707003589483 -0.0356940595227468 0.0489118615953089 -0.0467040796030857 -0.12790661729946 -0.0167445737781591 -0.0981054911774432
"36" "sub-37" 0.227478380675431 0.266516106124384 0.133432651387607 0.0883435674590933 0.290031436117304 -0.0170196519032561 0.0572374825224781 0.06303223662122 0.0917352321161942 0.080859057370581 0.0059395633978842 0.00116041985829335 -0.0963300516047149 -0.222516391967759 -0.0825204330633464 0.00983776268454326 -0.0119309130000621 0.26770777894757 0.0993321614404786 -0.0940079419169867 0.141167534894794 0.12093267110432 0.0710851357325851 0.0639774049258933 -0.0226991409738816 -0.130531277832878 0.100839538830718 -0.155117766290905 -0.0415808226475946 -0.0732649259862165 -0.160889123625367 -0.0695568080097503
"37" "sub-38" 0.0743044141105131 0.0106951383837146 -0.0128069706612977 0.0304392361325974 0.177800779899252 0.01626587519688 -0.214631513186863 -0.195077704532823 -0.145691771179183 -0.017488567378448 -0.168893577855133 -0.150901379107424 0.0763107449647633 0.0461971274973867 -0.090156275889696 -0.0574407210257662 -0.0464809097851538 -0.174907559313522 -0.0813502933040236 0.0241394107727322 0.019585587537009 0.0169512913689925 -0.155961650347634 -0.224218672524614 -0.133385874004466 -0.136657712330606 -0.284117346650516 -0.0453146233398959 0.0413926978891713 0.0489368634006347 -0.098050767959889 -0.0686168678677857
"38" "sub-39" -0.0252019059272146 -0.229256403952733 -0.159317096748531 0.150698450826337 0.121685866825426 -0.0616054080745906 -0.021816447343615 -0.122627245642695 -0.0750963097984833 -0.038395194504821 0.174987484539139 -0.000971585529270823 -0.13211459816251 0.0456276448720693 -0.0990648413406409 -0.113696538576999 0.0118098854945412 -0.00946905607343086 -0.0732904043740554 0.0840915791377825 0.0256927496222382 -0.0860013985046197 -0.0137579442831112 -0.0444398982070255 -0.0240904269239813 -0.167743089311873 -0.0745441929737473 0.0602536664967509 -0.155255034540898 0.0410428827274193 -0.0589771539347301 0.00953086797081183
"39" "sub-40" -0.239770425966199 -0.204960510319514 0.0123681290664566 -0.11076563591136 -0.00490595260853729 0.156226906551882 0.0238345762797746 0.0984941289941293 -0.120646297713199 -0.172591471483192 -0.149247968908776 -0.00237842297642977 -0.05702760228645 -0.166803169711944 0.0854998708829292 0.055356988899592 -0.143777046555457 -0.178025751613195 -0.0712330367724166 -0.140588915507557 0.128174969963937 0.0312437569371583 0.0305387837280418 -0.206527279254712 -0.0592546675980988 -0.212168343451641 0.0656480482275443 -0.124979591075545 -0.00492054599832334 -0.130120254939683 0.0627164523599361 -0.0307448954185405
"40" "sub-41" -0.0197627487993835 -0.115592974574395 -0.0606595854381144 0.0321970234430915 0.122071261263306 0.0436789106807209 0.100130896348085 0.0473325097883313 0.0871012448544444 0.198697189674516 0.0281521413568534 -0.00529886430030232 0.107537277980937 -0.0130114120414591 0.0700134515973074 0.106885259442234 -0.181957377242491 -0.146630234513574 -0.106697434873907 -0.130133849413268 -0.118588415318606 0.131157694388303 0.132198403477031 0.117670681289657 -0.00150496018672202 0.0377397808756641 0.0307642903356474 -0.130114336098852 0.136795594331887 0.00524484588923807 -0.02567282670719 0.0604800640488779
"41" "sub-42" 0.111584128893559 -0.012461588017965 0.0729757706571109 -0.0432201500815764 0.181394732043981 0.11993891347087 0.0944227652956448 0.199225019791796 -0.158551075649782 0.115310989164845 0.0258657412366869 -0.151566862418669 -0.0403867561613215 0.0886440070133641 -0.0445256299996292 0.0352151734009136 0.0256249223899045 0.0263645133574748 -0.0633052163803474 -0.120742981249717 0.0530423588354084 0.182800206786229 0.0470886603392762 0.145909052459797 -0.0774844316258008 -0.0387231305863962 0.0118941847297381 -0.0265852193139689 0.0115617727106621 0.0374923773682547 -0.0880660652564825 -0.0039715969183418
"42" "sub-43" -0.0278469784025386 -0.0253978341019282 0.0956171276180403 0.0913268855885411 -0.0324721218679093 -0.118168157828673 -0.0253389076911222 -0.0865123978016703 -0.151444996121826 -0.0849555165207312 -0.117755044055732 -0.0708868398790209 -0.118350135112165 -0.267458837984863 -0.00216929981781316 0.0837156801363299 -0.052895774141175 -0.0351785008926039 -0.0276221107101306 -0.0553653067581494 0.0377006407393702 0.114142196375659 -0.0927127405756654 -0.0487861134032884 -0.0985959057130023 -0.117780633493312 -0.0328152411988126 0.0652993839945566 -0.0523200796087575 -0.0707657517814043 -0.0273032178364558 -0.0683352637393436
"43" "sub-44" 0.0654013836256869 0.145948853456969 0.129267350378522 0.217994521384652 0.185752454602717 0.0369372782395514 0.0675014107223777 0.109250128613437 0.0582685278378189 -0.0543788817992388 -0.113772005997646 -0.00153776016398289 -0.0395499634373482 0.0898833053640721 -0.098611464738722 -0.0607427363470663 -0.0122288709766456 0.162206100779176 0.11133782627051 0.127719163043477 0.346320941855716 0.0292343157024471 0.110276317472811 0.170815708093918 -0.00679368277901024 -0.0273601522696164 0.085770610384276 0.286940467683281 0.0379211019978655 0.0369180940447611 0.0572018533244716 0.0350682734446003
"44" "sub-45" -0.0472081924449668 -0.0299254295409303 0.0961276898056039 0.112683963697898 0.211081159539403 0.122800618602348 0.0659037185249559 0.118491796601451 -0.0197189323199024 -0.0185199653945013 -0.0319707004631517 0.0014981313883102 -0.0408425205368815 -0.0807600298380634 -0.0244770336156949 -0.0438351432471453 -0.0396472587950022 -0.0119662336039454 -0.0564282667638812 0.0628438080207442 0.167481149309912 0.233673646180708 0.00839016318110081 0.0183634310282523 0.0206109450446547 -0.0482910054455767 0.0433177195526522 0.108940629548434 -0.0881051137987379 -0.0604150961373614 -0.07119941789347 -0.0234496500849129
"45" "sub-46" -0.0373370417577125 -0.138667095449074 0.0961900535548397 0.0827566287005294 0.374755142135986 0.0449488439831855 -0.0161191354527411 0.123479261270906 -0.0201734622551662 -0.190154534047516 -0.0355524040504425 0.206752175277658 -0.139430076965799 -0.0407329830933308 -0.0887489907700201 0.0646172138206007 0.0204471190492575 -0.0904862714563084 0.023532364748604 0.0143932850842591 0.225679471982675 0.0874217544414172 -0.114008848939101 -0.0990802261436469 -0.0908630312482553 -0.217642172503715 -0.0390914140610376 -0.0563197781644685 -0.0926743883637059 -0.0902053206821649 -0.154395062363215 0.100980457885653
"46" "sub-47" -0.0585007409199427 0.0331145857410276 -0.0186175594008781 -0.0273837202523714 0.0330329111158422 0.00318849592930822 0.0301554659375454 0.011762001322337 -0.0620890334140396 0.0645712765858252 0.0792614770492539 0.0670123501810906 0.0562501494577397 -0.033740694273363 -0.0831479579591911 0.00199837620057419 -0.0705659019970463 0.0502855473801158 0.0195737437732574 -0.109629083102928 0.000822633556560677 0.0714208148945405 -0.0408344050231884 -0.0471243261648568 -0.106288661935075 -0.168596718160673 0.129514940154299 -0.0162211090710184 0.00888828144670283 0.112471396320517 -0.0454929615014003 -0.0770694005771433
